atanh(0.9997558593750) = 4.50537109375000;    decimal value = 36908
atanh(0.9995117187500) = 4.15869140625000;    decimal value = 34068
atanh(0.9990234375000) = 3.81201171875000;    decimal value = 31228
atanh(0.9980468750000) = 3.46520996093750;    decimal value = 28387
atanh(0.9960937500000) = 3.11816406250000;    decimal value = 25544
atanh(0.9921875000000) = 2.77062988281250;    decimal value = 22697
atanh(0.9843750000000) = 2.42199707031250;    decimal value = 19841
atanh(0.9687500000000) = 2.07153320312500;    decimal value = 16970
atanh(0.9375000000000) = 1.71691894531250;    decimal value = 14065
atanh(0.8750000000000) = 1.35400390625000;    decimal value = 11092
atanh(0.7500000000000) = 0.97290039062500;    decimal value = 7970
atanh(0.5000000000000) = 0.54919433593750;    decimal value = 4499
atanh(0.2500000000000) = 0.25537109375000;    decimal value = 2092
atanh(0.1250000000000) = 0.12561035156250;    decimal value = 1029
atanh(0.0625000000000) = 0.06250000000000;    decimal value = 512
atanh(0.0312500000000) = 0.03125000000000;    decimal value = 256
atanh(0.0156250000000) = 0.01562500000000;    decimal value = 128
atanh(0.0078125000000) = 0.00781250000000;    decimal value = 64
atanh(0.0039062500000) = 0.00390625000000;    decimal value = 32
atanh(0.0019531250000) = 0.00195312500000;    decimal value = 16
atanh(0.0009765625000) = 0.00097656250000;    decimal value = 8
atanh(0.0004882812500) = 0.00048828125000;    decimal value = 4
atanh(0.0002441406250) = 0.00024414062500;    decimal value = 2
